478 104
479 170
480 199
481 244
482 417
483 493
484 588
485 637
486 687
487 716
488 737
489 802
490 850
491 875
492 909
493 941
494 962
495 985
496 1007
497 1035
498 1058
499 1096
500 1132
501 1150
502 1174
503 1200
504 1216
505 1268
506 1305
507 1382
508 1417
509 1443
510 1468
511 1478
512 1491
513 1497
514 1500
515 1504
516 1512
517 1521
518 1530
519 1538
520 1543
521 1550
522 1563
523 1578
524 1593
525 1641
526 1682
527 1718
528 1749
529 1784
530 1813
531 1841
532 1864
533 1885
534 1906
535 1924
536 1938
537 1955
538 1969
539 1986
540 2007
541 2017
542 2031
543 2052
544 2073
545 2102
546 2126
547 2146
548 2169
549 2215
550 2250
551 2307
552 2352
553 2419
554 2449
555 2490
556 2524
557 2604
558 2679
559 2729
560 2785
561 2832
562 2850
563 2865
564 2873
565 2884
566 2897
567 2939
568 2953
569 2963
570 2980
571 3020
572 3049
573 3119
574 3143
575 3168
576 3214
577 3223
578 3237
579 3272
580 3288
581 3301
582 3350
583 3375
584 3394
585 3405
586 3415
587 3453
588 3485
589 3518
590 3546
591 3582
592 3597
593 3627
594 3641
595 3657
596 3669
597 3689
598 3707
599 3724
600 3795
601 3825
602 3860
603 3891
604 3918
605 3939
606 3947
607 3984
608 4027
609 4058
610 4081
611 4104
612 4139
613 4156
614 4199
615 4240
616 4282
617 4321
618 4353
619 4401
620 4425
621 4440
622 4460