608 Ответы
312 3120
352 3477
74 856
207 2211
242 2533
42 860
553 Ответы
579 Ответы
110 1021
72 651
487 Ответы
192 2024
258 2657
90 802
427 4122
513 Ответы
586 Ответы
603 Ответы
606 Ответы
467 4394
542 Ответы
622 Ответы
212 2267
429 714
515 Ответы
38 822
43 862
508 Ответы
8 19
472 4415
31 230
499 Ответы
97 844
531 Ответы
57 1150
525 Ответы
172 1854
532 Ответы
287 2893
485 Ответы
528 Ответы
600 Ответы
360 3529
147 1868
171 1631
112 1033
175 1722
425 4099
155 1424
59 634
294 2951
461 4361
510 Ответы
347 3432
248 2577
66 827
83 747
197 2090
86 782
129 1228
326 3250
567 Ответы
81 781
390 3785
351 3469
33 240
63 3310
106 1100
456 4338
521 Ответы
21 1111
193 2086
281 2813
51 410
183 1902
403 3899
151 1893
95 1111
611 Ответы
503 Ответы
587 Ответы
482 Ответы
534 Ответы
105 985
544 Ответы
1 4000
182 1887
240 2522
126 1187
150 1880
524 Ответы
284 2885
457 4340
526 Ответы
432 4160
215 2294
364 3575
342 3407
208 2224
328 3272
48 2511
159 1485
599 Ответы
283 2834
65 620
261 2690
336 3360
492 Ответы
615 Ответы
381 3731
62 673
546 Ответы
582 Ответы
228 2395
428 4130
69 640
410 3967
271 2762
529 Ответы
446 4258
563 Ответы
455 4331
165 1589
190 1984
259 2682
88 784
419 4051
7 10
304 3048
249 2587
496 Ответы
581 Ответы
299 2990
73 655
618 Ответы
125 1166
375 3706
264 3210
484 Ответы
206 2205
229 2400
123 1138
357 3518
222 2335
241 2530
514 Ответы
604 Ответы
50 408
54 449
518 Ответы
141 1296
337 3361
118 1082
295 2963
305 307
321 3208
154 1413
4 480
333 3820
44 870
501 Ответы
389 3783
559 Ответы
325 3236
348 3445
465 4385
601 Ответы
223 2351
407 3931
356 3510
198 2113
607 Ответы
25 185
156 1435
454 4326
548 Ответы
476 4455
273 2774
441 4220
354 3499
538 Ответы
203 2190
167 1616
494 Ответы
437 4200
136 1260
205 2200
275 2788
181 1862
133 1700
253 2618
174 1882
257 2658
122 Нет номеров
221 2333
10 Нет номеров
163 1572
243 2686
329 3287
340 3881
324 3228
338 3365
469 4400
594 Ответы
363 3563
180 1889
561 Ответы
519 Ответы
327 3255
571 Ответы
195 2064
45 380
418 4046
293 2936
318 3180
169 1825
486 Ответы
591 Ответы
438 4203
404 484
442 4225
505 Ответы
22 140
409 3956
316 3139
14 Нет номеров
146 1828
94 Нет номеров
285 2868
231 2428
372 3673
424 4093
117 1075
350 3461
385 3755
191 2012
512 Ответы
314 3133
596 Ответы
359 3527
416 4032
619 Ответы
541 Ответы
235 2485
580 Ответы
590 Ответы
276 2793
540 Ответы
473 4425
41 889
32 236
225 2869
251 2597
11 Нет номеров
290 2920
265 2711
64 807
371 3688
378 3714
131 1282
28 999
179 1835
121 1735
623 Ответы
346 848
520 Ответы
274 2779
286 2878
373 3687
573 Ответы
433 4162
279 2811
365 3580
434 4168
238 2502
453 4319
40 834
204 2198
477 4460
412 3990
100 913
263 2701
535 Ответы
444 4244
392 3801
18 109
388 3776
537 Ответы
557 Ответы
426 4110
297 2982
75 Нет номеров
536 Ответы
70 900
104 978
317 3170
137 1284
245 2547
349 3447
430 4188
431 4151
313 3124
177 1774
547 Ответы
58 512
565 Ответы
577 Ответы
108 1010
184 1922
211 2251
466 4391
82 740
76 868
395 3830
617 Ответы
71 646
379 3722
377 Нет номеров
160 2113
516 Ответы
116 1064
138 1275
230 2418
262 2696
435 4183
224 2357
339 3375
201 2180
135 1254
422 2105
80 730
161 1536
450 4296
226 2384
575 Ответы
369 3828
597 Ответы
109 1015
216 2302
236 2485
368 3817
593 Ответы
19 115
402 3882
530 Ответы
17 Нет номеров
391 3791
398 3845
296 2988
173 1872
79 892
341 3894
361 3543
210 2238
103 965
393 3812
545 Ответы
162 1589
144 1815
474 4440
527 Ответы
12 Нет номеров
20 128
620 Ответы
471 4406
139 1285
209 2281
551 Ответы
256 2645
408 3944
148 1873
554 Ответы
417 4087
26 178
270 2745
380 3725
489 Ответы
292 2935
46 Нет номеров
498 Ответы
506 Ответы
266 2718
332 3810
145 196
533 Ответы
37 297
303 3043
562 Ответы
176 1745
34 600
49 402
502 Ответы
127 1207
115 1055
202 Нет номеров
436 4194
401 3880
625 Ответы
335 3353
370 3680
272 2769
399 3865
254 2623
420 4086
306 3062
153 1410
252 2803
120 1103
168 1620
307 3077
511 Ответы
374 3897
411 3980
366 3586
439 4213
323 601
523 Ответы
355 3505
199 2141
268 2724
39 351
558 Ответы
267 Нет номеров
60 3333
29 208
602 Ответы
78 680
220 2332
98 885
500 Ответы
468 4398
178 1798
490 Ответы
522 Ответы
234 2460
566 Ответы
68 689
334 3843
143 1809
605 Ответы
415 4013
233 2454
2 314
157 1455
164 1583
458 460
345 3427
239 2512
237 2499
113 1038
614 Ответы
247 2569
394 3821
343 3415
196 2087
280 401
609 Ответы
488 Ответы
128 1299
244 Нет номеров
616 Ответы
101 936
569 Ответы
463 4372
23 145
61 1533
52 426
464 4378
475 4450
449 4292
421 4075
300 3007
445 4249
219 2822
588 Ответы
383 3740
213 2267
92 817
396 3835
384 3747
386 3759
47 382
552 Ответы
517 Ответы
585 Ответы
185 1929
99 894
15 1000
87 779
3 464
382 3788
16 718
24 150
227 2389
367 3600
592 Ответы
291 2932
479 Ответы
119 1089
397 3840
406 3912
574 Ответы
93 820
583 Ответы
584 Ответы
288 2899
319 3188
132 1285
149 Нет номеров
613 Ответы
200 2171
470 472
152 1806
310 3104
539 Ответы
77 670
507 Ответы
322 3209
460 4356
612 Ответы
67 681
189 1980
595 Ответы
589 Ответы
556 Ответы
497 Ответы
451 4303
55 459
5 Нет номеров
278 2805
166 1596
298 2985
142 1298
140 1289
35 263
570 Ответы
504 Ответы
13 999
495 Ответы
550 Ответы
260 2673
331 3312
440 4219
255 2630
170 111
353 3488
102 951
134 1247
130 1230
414 4004
576 Ответы
491 Ответы
493 Ответы
277 2799
246 2559
218 2317
481 Ответы
549 Ответы
6 1
621 Ответы
30 221
543 Ответы
376 3710
301 3020
309 3694
232 2437
624 Ответы
56 890
302 3031
560 Ответы
186 1942
217 2315
84 912
358 3523
188 4401
187 1955
423 4085
330 3806
91 808
289 2907
564 Ответы
53 434
158 1460
480 Ответы
89 792
462 4365
269 2787
311 3108
308 3089
459 4349
96 1000
9 3752
320 3203
572 Ответы
107 1000
387 3771
194 2053
344 3422
282 2824
447 4271
114 1054
568 Ответы
250 2592
315 3134
413 3999
610 Ответы
400 3871
36 277
111 1030
509 Ответы
443 4286
448 4282
405 3905
362 3553
598 Ответы
452 4309
578 Ответы
124 1150
555 Ответы
483 Ответы
85 758
27 1000
214 2286
478 Ответы
