6 1
7 10
8 19
9 34
10 40
11 Нет
12 41
13 44
14 66
15 72
16 81
17 91
18 109
19 115
20 128
21 134
22 140
23 145
24 150
25 185
26 178
27 188
28 199
29 208
30 221
31 230
32 236
33 240
34 251
35 263
36 277
37 297
38 324
39 351
40 336
41 355
42 360
43 367
44 368
45 380
46 Нет
47 382
48 397
49 402
50 408
51 410
52 426
53 434
54 449
55 459
56 473
57 493
58 512
59 536
60 555
61 570
62 585
63 598
64 609
65 620
66 827
67 681
68 689
69 640
70 644
71 646
72 651
73 655
74 660
75 661
76 665
77 670
78 680
79 708
80 730
81 781
82 740
83 747
84 756
85 758
86 782
87 779
88 784
89 792
90 802
91 808
92 817
93 820
94 Нет
95 Нет
96 830
97 844
98 885
99 894
100 913
101 936
102 951
103 965
104 978
105 985
106 1100
107 1000
108 1010
109 1015
110 1021
111 1030
112 1033
113 1038
114 1054
115 1055
116 1064
117 1075
118 1082
119 1089
120 1103
121 1109
122 1110
123 1138
124 1150
125 1166
126 1187
127 1207
128 1299
129 1228
130 1230
131 1282
132 1285
133 1241
134 1247
135 1254
136 1260
137 1284
138 1275
139 1285
140 1289
141 1296
142 1298
143 1809
144 1317
145 Нет
146 1344
147 1369
148 1374
149 Нет
150 1387
151 1394
152 1401
153 1410
154 1413
155 1424
156 1435
157 1455
158 1460
159 1485
160 1509
161 1536
162 1589
163 1572
164 1583
165 1589
166 1596
167 1616
168 1620
169 1627
170 Нет
171 1631
172 1657
173 1679
174 1700
175 1722
176 1745
177 1774
178 1798
179 1835
180 1889
181 1862
182 1887
183 1902
184 1922
185 1929
186 1942
187 1955
188 1958
189 1980
190 1984
191 2012
192 2024
193 2043
194 2053
195 2064
196 2087
197 2090
198 2113
199 2141
200 2171
201 2180
202 Нет
203 2190
204 2198
205 2200
206 2205
207 2211
208 2224
209 2233
210 2238
211 2251
212 2260
213 2267
214 2286
215 2294
216 2302
217 2315
218 2317
219 2324
220 2332
221 2333
222 2335
223 2351
224 2357
225 2376
226 2384
227 2389
228 2395
229 2400
230 2418
231 2428
232 2437
233 2454
234 2460
235 2473
236 2485
237 2499
238 2502
239 2512
240 2522
241 2530
242 2533
243 2545
244 Нет
245 2547
246 2559
247 2569
248 2577
249 2587
250 2592
251 2597
252 2606
253 2618
254 2623
255 2630
256 2645
257 2655
258 2657
259 2682
260 2673
261 2690
262 2696
263 2701
264 2705
265 2711
266 2718
267 Нет
268 2724
269 2739
270 2745
271 2762
272 2769
273 2774
274 2779
275 2788
276 2793
277 2799
278 2805
279 2811
280 Нет
281 2813
282 2824
283 2834
284 2885
285 2868
286 2878
287 2893
288 2899
289 2907
290 2920
291 2932
292 2935
293 2936
294 2951
295 2963
296 2988
297 2982
298 2985
299 2990
300 3007
301 3020
302 3031
303 3043
304 3048
305 Нет
306 3062
307 3077
308 3089
309 3099
310 3104
311 3108
312 3120
313 3124
314 3133
315 3134
316 3139
317 3170
318 3180
319 3188
320 3203
321 3208
322 3209
323 Нет
324 3228
325 3236
326 3250
327 3255
328 3272
329 3287
330 3307
331 3312
332 3319
333 3330
334 3346
335 3353
336 3360
337 3361
338 3365
339 3375
340 3388
341 3400
342 3407
343 3415
344 3422
345 3427
346 3430
347 3432
348 3445
349 3447
350 3461
351 3469
352 3477
353 3488
354 3499
355 3505
356 3510
357 3518
358 3523
359 3527
360 3529
361 3543
362 3553
363 3563
364 3575
365 3580
366 3586
367 3600
368 3817
369 3828
370 3680
371 3688
372 3673
373 3687
374 3897
375 3706
376 3710
377 Нет
378 3714
379 3722
380 3725
381 3731
382 3738
383 3740
384 3747
385 3755
386 3759
387 3771
388 3776
389 3783
390 3785
391 3791
392 3801
393 3812
394 3821
395 3830
396 3835
397 3840
398 3845
399 3865
400 3871
401 3880
402 3882
403 3899
404 Нет
405 3905
406 3912
407 3931
408 3944
409 3956
410 3967
411 3980
412 3990
413 3999
414 4004
415 4013
416 4032
417 4038
418 4046
419 4051
420 4067
421 4075
422 Нет
423 4085
424 4093
425 4099
426 4110
427 4122
428 4130
429 Нет
430 4139
431 4151
432 4160
433 4162
434 4168
435 4183
436 4194
437 4200
438 4203
439 4213
440 4219
441 4220
442 4225
443 4286
444 4244
445 4249
446 4258
447 4271
448 4282
449 4292
450 4296
451 4303
452 4309
453 4319
454 4326
455 4331
456 4338
457 4340
458 Нет
459 4349
460 4356
461 4361
462 4365
463 4372
464 4378
465 4385
466 4391
467 4394
468 4398
469 4400
470 Нет
471 4406
472 4415
473 4425
474 4440
475 4450
476 4455
477 4460
478 Ответы
479 Ответы
480 Ответы
481 Ответы
482 Ответы
483 Ответы
484 Ответы
485 Ответы
486 Ответы
487 Ответы
488 Ответы
489 Ответы
490 Ответы
491 Ответы
492 Ответы
493 Ответы
494 Ответы
495 Ответы
496 Ответы
497 Ответы
498 Ответы
499 Ответы
500 Ответы
501 Ответы
502 Ответы
503 Ответы
504 Ответы
505 Ответы
506 Ответы
507 Ответы
508 Ответы
509 Ответы
510 Ответы
511 Ответы
512 Ответы
513 Ответы
514 Ответы
515 Ответы
516 Ответы
517 Ответы
518 Ответы
519 Ответы
520 Ответы
521 Ответы
522 Ответы
523 Ответы
524 Ответы
525 Ответы
526 Ответы
527 Ответы
528 Ответы
529 Ответы
530 Ответы
531 Ответы
532 Ответы
533 Ответы
534 Ответы
535 Ответы
536 Ответы
537 Ответы
538 Ответы
539 Ответы
540 Ответы
541 Ответы
542 Ответы
543 Ответы
544 Ответы
545 Ответы
546 Ответы
547 Ответы
548 Ответы
549 Ответы
550 Ответы
551 Ответы
552 Ответы
553 Ответы
554 Ответы
555 Ответы
556 Ответы
557 Ответы
558 Ответы
559 Ответы
560 Ответы
561 Ответы
562 Ответы
563 Ответы
564 Ответы
565 Ответы
566 Ответы
567 Ответы
568 Ответы
569 Ответы
570 Ответы
571 Ответы
572 Ответы
573 Ответы
574 Ответы
575 Ответы
576 Ответы
577 Ответы
578 Ответы
579 Ответы
580 Ответы
581 Ответы
582 Ответы
583 Ответы
584 Ответы
585 Ответы
586 Ответы
587 Ответы
588 Ответы
589 Ответы
590 Ответы
591 Ответы
592 Ответы
593 Ответы
594 Ответы
595 Ответы
596 Ответы
597 Ответы
598 Ответы
599 Ответы
600 Ответы
601 Ответы
602 Ответы
603 Ответы
604 Ответы
605 Ответы
606 Ответы
607 Ответы
608 Ответы
609 Ответы
610 Ответы
611 Ответы
612 Ответы
613 Ответы
614 Ответы
615 Ответы
616 Ответы
617 Ответы
618 Ответы
619 Ответы
620 Ответы
621 Ответы
622 Ответы
623 Ответы
624 Ответы
625 Ответы
